1.58619497319369
3.67645826283848
6.12240905361639
0.760702895666485
0.570539591757824
5.07075863946378
6.49869041213902
0.215017113292808
6.25021008268674
0.802289419264693
0.576709521889949
2.08205331783319
1.85805665761129
1.11350810802066
6.88585656145163
1.57556310544829
6.19748036963419
2.69324922422552
0.548528985095629
0.654499104254638
1.19824110754044
8.09220509185324
12.7520957971099
0.115776950614715
0.124656953950656
11.9165188396192
1.76138998242696
2.98905503285097
1.07728714837958
0.417145527008493
2.23638222967204
4.54447620987910
1.38245600386373
1.93806915108192
6.46776050058221
15.7637983255382
3.51456646700989
0.557553160448713
1.96489840606851
0.294155567221692
2.02905053422659
4.20515522149572
10.4834655459342
0.771067905748443
1.10774143643000
2.14003631305463
0.478221777726258
2.78155184267998
0.0618945245285205
0.799213391304786
1.71024509052055
1.84248575353831
12.6963578851431
1.58245895741636
1.46993277809223
0.299780863866268
2.70471555822241
0.642192156430947
3.81708406052946
0.218856958221594
2.29783982876690
1.41784766298683
8.29536054229305
0.523346578645326
2.16869373496777
0.236463929596837
6.74656220469575
8.04092545734804
2.41074832968180
4.47357178641211
1.07392638167525
3.29222566979786
0.0606663484417911
1.11347687389188
1.50228999463069
2.60097622549722
1.08112693748404
0.361130879893893
0.838507983519289
6.36207594440474
0.282060792695611
0.680684189022010
2.01650384874294
0.448535800160105
17.5395727384139
1.66704914480281
6.44696478255103
1.10694488915895
7.12057937274810
2.39863275218380
8.59115172904725
9.67328817261450
2.70107369750164
1.62442643041806
0.243751042493167
12.3153866940197
0.146595582398098
3.30050987014900
0.876717869819526
0.875434233503763
2.76135151548791
0.190300763127075
23.8286075399171
0.526297198790345
2.59954279318239
5.81335576295610
5.30114300898730
0.591201508585617
0.201215114780128
1.15791118798845
0.163823747442253
96.8539012184982
6.32619613495323
0.457405308118331
0.223447065023581
6.20559545539949
2.73700978498166
1.23014744327920
3.44739258077263
43.6441194450028
6.05915875226911
1.39726376805194
2.31363010326205
0.273384294916157
0.176450228392885
0.0609270797386119
4.30228271702645
9.99659053555128
0.892067648012683
0.816197066424558
1.28204172341143
0.391069531787808
0.226011312824412
0.294167016606817
1.25978453455358
1.18508847912022
0.216686724080096
0.837836697410796
1.45451402701192
7.19689960872683
0.460394247649727
20.1266267086891
2.03111896200324
0.675319786015847
16.2158203551499
0.248978706445082
1.38452938703759
2.09049725059982
0.598750377438465
0.549844388774923
2.83458099596894
1.71373877771380
0.914974426851040
3.97988257800652
0.369316790319129
0.393854946068855
0.472193018444332
0.257539229234426
3.25452206777736
0.195199518191021
1.38328923766097
1.03060229446937
6.74051537426153
0.877985788040100
2.27933101489997
3.95313697125770
14.3122413717007
0.442087619848521
2.45734491847308
24.7857618576632
1.17101514686903
1.10241064731080
0.515967041183250
13.9542457510657
5.61128439086907
1.44629487153192
0.123423639685705
21.4129883543801
0.600332836703569
0.369958280853253
2.98833182919843
3.76855870113369
5.15576397778311
1.42112275162191
1.38475289171243
27.1851780375510
1.01367551412405
4.15181378118667
0.806097434089973
1.10260629313515
3.58155143598107
3.08760002448524
0.722142758373405
0.455519303466207
3.93631901319431
33.1216431445033
1.58740616601394
1.12583375337977
2.40425653236837
1.32011640081785
80.1600868059731
8.52479407530380
2.71841599469938
0.781435005822627
1.35669380997585
0.405087319484503
0.715507882485276
1.15890816202494
6.71425817449875
3.06819337440439
4.19485257331474
1.94528238768579
0.977494252543556
0.925339359267408
2.43521010919341
1.17732195583981
2.07390005234385
0.297726763384073
3.68639740824853
0.652347859079590
0.977431999903026
2.92953895940848
1.95439563498356
1.30285747603082
2.68733200731799
0.255253980453914
0.151518198826035
39.9587878243468
9.42718467467272
1.02701789983258
1.65598692226860
0.451981064500124
1.28711435827052
0.00827432574929229
2.88239456692901
8.05534383213820
2.65479089425686
1.34943284947934
1.57001708058752
60.3589210884745
6.30168732286472
0.266801119016870
1.13668486530970
1.68479505426033
0.142765632165041
35.6472021107009
1.83565700390568
0.653702392584179
0.608794021232678
1.99778068060647
30.1210211481577
0.741225432476306
1.51924577854209
1.00186453252496
2.37085655664724
1.63577248715107
19.5008214513312
4.02159491085309
0.461825366239595
0.657181828088598
1.80458438002447
26.5740685845932
21.8526239445673
14.1496182051809
0.443774018921581
0.180581168092989
0.710284572077148
5.31706940456528
6.53364878495672
1.96837593769871
0.861603443859990
128.626191781531
0.840968886623210
1.80876384024643
0.628220450689746
0.541210414300698
0.550153782846502
0.316527167484141
2.57691370765747
0.442001853258714
0.190555315811401
4.81485500517903
1.02815942254711
2.71368441687970
1.36831722800922
5.17575419128393
1.30148536423700
0.817557722078803
27.4979716943463
0.0579700888828504
1.09243311448677
0.989568700079879
0.204237158842944
1.46734744607871
0.330808126454066
1.96460234654123
7.99358819833946
4.64039840728504
116.498921562632
16.3004352208064
7.20343319185099
4.12816332132549
1.12184993966205
6.18538174442989
10.0793740366333
1.28628811307322
0.852973879543329
0.0324940522804068
4.51739259123334
2.44042653760978
0.440414593335529
0.342208099635407
1.79736179466068
0.491311719799200
38.9109530196313
18.4076430542415
0.517385896570130
0.265200849302875
0.365198218266941
2.96008362836314
3.87723173383565
19.0031445833630
4.83217866163136
24.2247487799174
1.04703089984383
2.49825860243158
1.61925806670654
0.128222811805895
0.214450172060965
0.708663940290224
0.568003941335083
12.8935531859893
2.51132392130955
12.7309647809238
21.6251834181219
1.28357693048349
7.66313729212731
1.52570932155409
0.169176187199742
1.06164839650413
0.835027780763969
1.12276625351335
1.23959300630241
0.980724803210558
9.09878038801430
4.44960453687545
0.345186176360739
0.0473974212700798
1.96941021628313
4.42694663911836
0.882513558736382
1.21183493769520
0.547818725962702
20.1522877327113
0.514155586409242
23.1806440031362
0.681700648994358
1.92482370085676
0.167534297742921
2.19431822056558
1.43116213841617
9.51648781111771
3.23021508248019
10.0064866244503
1.95447659651231
2.60316356369106
3.12563849046202
0.587668977903180
7.13788947863617
0.514340224923753
0.493388883967303
1.68778941927235
3.27433924725748
0.611994466944751
2.50763129405161
0.0387702947622417
58.0105441883522
1.29538841568044
2.47429431682364
0.542484923326337
3.15517072397593
5.04398970904905
4.75472036450056
1.35920179560504
2.00367727168294
0.385489318107332
2.78497847291727
0.529080858135571
5.18361997139463
0.924343619434778
4.78296594919566
1.19121497819583
0.197986577175841
1.04054165973940
1.62162036750192
0.553530972953982
0.701558669251823
2.72668285644154
1.03638432773728
5.46513619453465
2.58525454528443
0.898265461419786
0.593899678310952
8.61657139310800
5.40103035250292
0.877137534539052
5.80525244667279
1.35916475490058
7.96163886131809
0.627794193242493
0.221546910642845
1.69774298903200
0.741750846948118
3.88508300610239
5.46647704739711
3.22430267038975
0.971666911346770
0.337249613640413
0.720959538910303
4.45169845750733
0.737903117501464
0.521133312222839
1.02395822098145
1.45524551070303
1.25330070906824
0.567041923284991
0.736704597886325
0.0935884128477289
1.22295538412746
0.839110731747669
1.75749215442560
5.36947141106597
2.23041912487204
16.0903744480476
0.314450261105300
1.52425147632855
0.289311746372051
2.66658989139165
4.68157621875660
2.43830166612097
1.29596093155846
2.95625563654133
6.86162738833814
0.622675263506437
12.2708223865283
8.40670921011695
0.250152082689067
1.25427777849259
0.432394541401800
2.11144227054571
0.672209301955667
9.74945259113258
17.2328176342002
3.77776253077784
4.54055183047716
3.09846410726846
2.93071364300636
3.73735005915449
4.27036221297108
2.05485002731498
3.21347909129442
0.905021972313209
14.2448912033903
0.120799512278562
0.0877964667787253
0.600554725040032
1.71624035653493
0.722411128772736
1.76352782546623
1.41956761297716
0.0705774301705280
2.41520622331075
19.5571106291029
0.00706172285386461
0.486622677796865
0.193919043693463
0.967369326280781
13.7614965983237
1.32458018581872
12.8502704187334
18.4475754869989
20.0669624674332
1.25240646733273
7.74058131766928
2.34390984195306
1.20296100177699
9.27513037989857
0.326850666553421
4.27869866591968
3.78344542986209
11.9077549741393
58.7399744277208
1.04592627761984
17.5258144581634
0.800131805963942
6.36585544608437
26.9936117880302
0.357470910122915
2.75869356552015
69.2413732538565
2.65216973553249
12.8936371757022
8.92210165161717
19.5612821538961
2.59801824883175
0.706160661784293
1.57983820830213
20.4489291908096
0.158516487733128
5.51010413505463
4.80480178705052
0.449256947735623
0.228977373887172
1.02003171228245
0.208119734944282
4.17906695864923
0.197604170340095
4.14753171035817
1.08263888473192
1.89133979394561
1.86508195458570
1.50863558698064
0.862567109390136
0.0962159918365743
2.30623895666445
0.905550643470762
6.34936236853023
0.915993092096784
0.0271553890628598
1.34859602091427
1.25061986569958
0.350072661851672
3.28474484604465
14.8106922984893
4.12612947460519
29.4101917104233
1.14564942173270
10.5824712806442
1.49041163867072
2.11649026546509
47.8263128675009
0.218413278644193
2.24709996148479
3.01413910437086
0.899888409073078
0.115236966249158
15.2590850893001
2.54240611301421
0.454312222401142
0.303743446765570
0.997907365176812
3.00570626980817
2.27403019533962
0.365178291598345
0.384387073985053
0.0494043112870818
3.38429218005103
3.30539358264497
7.67314410914784
36.1763721764446
6.16641327514898
8.55470775705884
11.1509226571434
5.52871469456538
0.264353410086052
0.293670024071393
1.00770100656367
7.20637745162512
0.566356846299560
0.353034326271047
3.63239282482238
5.52779371771905
5.09053298250812
6.65217077229552
2.02073168659633
1.93937553893836
6.65009167590375
35.4739852059128
4.64789028225896
0.464229170078310
2.64874246989494
0.814313824007902
93.0812169172110
2.43879946385233
0.220755735264164
0.127059821799256
6.70239131873126
1.95233569721481
17.9058111556743
1.92805062438038
0.337308389281206
0.564553921871698
1.07982024802273
0.543067908205305
0.765711223209880
2.13944560126333
1.35092485144724
1.08307365363537
6.06100681995158
2.90716395596804
0.149595953360701
2.82581004902640
4.43666306877159
11.4182876862500
1.87416853017843
2.53757563771580
0.0582465988405756
0.896884490438691
1.35694374328846
31.5890389072918
1.87627444360123
0.0629306674818579
1.56381983195425
0.896060084594582
0.252672141714807
5.09175345375188
3.28910788197004
1.66932338793781
0.378326900261842
1.13941645548699
0.420295198511826
3.85365426448888
3.04655340882154
0.526290726935590
7.10980696245238
162.868957340149
0.777335001215280
0.925207384704814
6.61872983412601
0.0195158355427497
5.02455787671670
0.439515263816548
2.07735819064764
3.76553311111701
80.1778755322029
7.67110082314394
6.59960329313245
0.609511336725159
0.273293474367582
3.72484544740389
0.679827926118571
10.7135388129785
0.697977686113094
0.614141982703245
0.614018177591489
0.317004493746473
1.84472045089313
10.0771851771366
0.704768593254959
15.1235243666335
1.26063546521899
0.915474917049158
8.26970020290173
7.66679068422292
0.697702405353014
2.93085302343221
0.658599633341519
0.511245622984515
3.68216147748613
0.470412534095059
1.10928340864681
7.65343726100585
3.79673480681183
6.35396347487147
1.04222515539711
5.45253168104764
3.04453061836240
0.535556977873744
1.61556419680730
10.0695151746740
0.399517569225893
0.336651362125809
1.39334469380626
0.412688385041128
0.650546824627820
0.925584073952969
0.0338828211506703
5.65367813738037
0.252753581523350
32.3803360992798
0.216573658655885
10.8548689157761
2.99477747041259
6.36953403194053
34.1360299670346
15.5872609566614
3.22595163459461
0.235082163869814
2.08940019847214
3.87349150592303
21.8628501071187
0.656613738800490
9.88969609686259
0.244825790938661
9.99575128631268
59.4332705232612
0.830761125073152
3.56235455039212
12.1869843854557
13.8029566535067
1.13021099029812
7.11216054851226
0.991789901350401
0.584297551586166
0.521659411078591
6.70122976350231
0.241371023244157
1.49563031148298
22.4512473617331
1.55998673908013
1.28878581974165
1.79094561712350
14.5444737045991
0.207760979888776
3.90663869729471
1.27092192578692
6.33152054883547
5.90413688252156
1.06010791176057
2.61221088691519
5.11176955909625
1.77824570001083
4.43968127799923
1.00045165960130
14.7210283843534
1.23921838114215
1.60905358751228
1.77931846144643
2.37180762160012
37.2986241655282
0.718824859819916
24.2771745626664
0.0996382844127569
11.1742100077441
0.477942155252044
12.2402518227334
6.21886185454320
1.62587638631457
1.01339944389296
0.281755335946259
1.72136587602301
5.99649397767642
5.53412790176424
3.22437247964684
0.902426107191175
0.116513308683245
0.702127724941304
0.135558548804425
2.39947937642400
0.170577736452347
0.399248940671169
0.272683576304063
3.65359213148298
1.36582234391103
0.386083005620466
5.48868557878341
2.90411138811233
0.852923534425339
1.03397208774173
1.98802888628905
4.59944232192628
1.18317427516493
14.7336455736142
7.03381507998711
1.95148199372493
1.00237485463847
0.623250332035132
5.60248509234028
24.3042306551642
31.0503765444176
0.878983957785348
0.326672115022615
0.612707343509160
0.420734799383593
6.01864450037047
76.9783326224246
5.15300392158296
1.00909300409907
2.48330848811763
0.243513433297111
0.120640920287779
1.36740702569261
0.130811373487654
0.870614565397113
2.68989936039753
0.120887293416838
6.52810152438859
0.602148865071715
30.9939698992439
2.94476873146097
19.3579772099375
4.32663863603941
1.75480761545054
0.491094083834905
3.90239141067311
0.310537104492508
1.26427384244242
1.18184641052067
78.5897531951462
1.39640759251614
1.25758568427952
1.19596137614035
0.0707311276972014
2.17692600810450
2.43541065881818
0.987430698374685
10.1927378173703
0.126662720598377
0.165052747732734
0.429170787842293
5.38237310686644
5.21458547472639
0.764633651788666
0.139725357190735
1.88038323911867
0.364975242462089
0.476607742292403
4.96788175358893
2.16470793764508
1.28046987236988
7.48869775046661
5.31932745264134
3.53501610506628
0.748273401742979
1.90716773817173
0.104335526905282
12.0433556158741
1.57345904188730
3.17540126972986
2.21382792792853
7.37174024552384
8.90706785213808
0.236658819614094
2.08567066686416
1.25407666414951
1.73881842753513
3.74813112114577
0.0416301707939627
0.504349958480963
10.0907784054865
9.71668732291516
2.64219337270007
1.09124303590347
1.06026394310752
4.36817924941220
34.1736105713754
0.646515513236027
0.655543191609397
0.656393304157592
6.84352211877763
0.710179433553935
1.97313322501478
0.386598062474740
0.830278452617830
1.01079757029596
0.799997195206337
0.896386234115608
1.20508197324986
4.89501759948338
7.67349168693238
1.65362058274045
0.437865250535921
21.1465951747349
14.4847579985546
4.55993698951208
0.576108727401266
7.08866775980682
0.659290459288832
0.551803572920308
4.69117685634437
0.273190078502448
0.521799201290956
1.24534370956291
1.78717177309687
10.2490934627615
2.53135651001892
0.249964963790959
12.0248418425607
0.702548894984099
27.2013534511609
1.66566547010010
3.65768548265022
0.241150652445461
6.83036009979313
7.49514060681493
1.90557414747598
0.0841122295927688
0.383964234099320
2.92254153087125
1.32191071056386
0.282002552653836
6.68918305799272
2.01937990950436
1.71813952743770
3.46451660358165
0.490670365067165
2.40837652194799
2.37357657981733
1.32670655518589
0.601547064009809
0.825093229630178
8.52144688316222
0.256445592283396
3.10000151713716
0.906587797827868
0.524398219775184
0.581822134357789
10.7991123316925
1.37314379599061
6.09866070571899
1.23315077468322
0.118273084830822
35.8296093007541
0.791276312959590
1.02035550578564
0.117247885845817
1.40602682431575
28.2126261399785
0.444182822698924
0.343122428599159
9.50640229749099
14.2629030591082
0.588489138487992
0.574709084124732
1.91113348257893
0.748351577996376
0.280571035326288
7.45097774358039
0.247634242623829
0.995078423874794
0.892255286465410
8.77609064536593
1.91247522577324
0.637514652964515
1.94321047582571
5.30668569048426
1.29176991306304
7.27719153576055
0.228561029971407
0.122422763797997
0.590645531697306
1.38797290721347
7.64618754532611
8.36937938117109
1.41507224144330
0.382165161044430
3.38184656048703
1.96291634855446
1.75844954284791
1.34835709704023
1.05649941914633
7.74587456222487
5.08163074381474
3.05904873824265
1.84035061616437
1.30980195075478
5.26628141496481
0.624393396275685
2.50657480600140
3.19127947740885
1.36285151134364
0.258203522699044
0.470774245571800
5.22394206071954
4.67195747631731
5.13807735355777
0.255476999514490
1.39642271942218
1.61339874318143
8.29945587875308
0.620199313003189
0.381351549454853
0.440193173393096
3.78423014329563
0.340384684487048
2.48414142005565
0.101433263873531
3.36796145045648
5.94703965592250
0.349267229409962
4.17658200483166
0.382205856464817
1.04435650211130
1.22740186083975
0.944562276482125
1.85917041779844
0.848998547994318
4.14459347374821
1.00334001072774
26.7715074893019
2.36800019654053
17.5019673843769
1.50580305406367
9.60989310002459
0.420873334082596
2.13119627143557
6.06346013452205
0.676042388012476
13.2764667321329
0.0627158263032652